'177 7777777777777.

77777 777777777777777 777777 71777777 7777777777 7717777·
7777777777777777777777777777,77777777777777777777777777
777777777777777777. 7777777777 77 7777777777 7777177
7777777777777 77 7777777777777777 7777777777 777777. ,
’ ’Ν7777777777777777777777777777777777777777777777777777-Ἰ
777771777777777777777777777777 7777777777 7777777777 7-777
7777777777 7777717777ῇὶ77. 07 77 77777777777777
ῙΜ “³5³ 77777 Η77.777777777777717 7717 777777777777717777 7777177777-

77’77’7”1 in nm 767 1777777777777777777 73777 777s77777777fi77‘

· acuns. 7777 777777777777 77777777777777777777,77777777
777777777777777777717717777777777777777777777
777777 777717 77777777,77777777 7777 77 777 77 exuperatque,
777777 7777777777 777'77,7777777'775f777'757777777771777777777'-=
7777777,7777777777777717777,777777777 77777777777 777777
7777 7777 7777777777 777777777777777777777777777777 777 7777

77777777777777777777777777777777777777777777777777

77777771777777777 77777777777777 7771777 777 7177777777

777777777777777777777777777777777777777717777777

7777777 77777777777777777 777777 7717777771 7777'7777771777v

7777777.Ν77777777717777777777777777777777. ᾖ ’
ν ·. c 7 7. Ἴ 77.

Ar 7 7777777777 7777777777777771777 Ν77777
77777777777777777777 77777777757ff77s777ffi77, 777777
77777777777777777777777 77777777777777777777777

2255?77777177'7577777777'777777777 7777777 ip. 6677 ,77777777
7⁰77?ss 777777 0777777777‚h77777777777 7777 77777777 7777777,
, ns 67 3777777777 777777777777 7777777777 77777777 7777777-
77777777777777777777777 77 71777777 reddemus,

7777777777777777777777777, 777777777717777777777777777777Υ

 

