41444411. 123

44444444444 4444ss 33333[333 33333 333 [333 4444-
44 333 44444 3333333333 4444 444 444444444 44
.PWWSCOSMSWMFWQWCh 3333333 3 ,33333333 33
[33333333 333333 4 4s 44 44444 333333 3333333333 , eff}
3333333333333 33333 [3333 44444444'44444444 [33333 sss-4144
33333333 1444444'44 33 04444444 3333333333 333 &1⁶³4
4444· 44444444f4474444ll44 3333. (24 4444,&44 καῖ’ ω’
33333333333333333 44 44444444414444Q4 [33333 ,
3333 333 333 [3 333 33, 44 [333 3333333333 4444 4444 3-
[3333 4444‚s444444 444444344'444 33333333 3333333333

33[3333333333 4444444444 [333333333333333
33.3333 S44444444s 4 ’

Accipe 4044 33333333333333 3333333333. 333
3333333333 33333333 33333333333333333,3333333333, .

[ 333 33333 33 33333. 33333 ,3333333 3333 duobus 4444 444s
[3333333333333 3333333333 3333333333 ab 4444
44444445444444444444 3333333 3333. 3333 ,444'44444 ΜΜΜ
’ 333333333333333 333333 ’33333333 ,33333333 333333 33 exsto 3
[244 3333333333 [44442444444444 44444'4 444 333333 bus 444
444444444444444 33 444 3333333333. ·- larum
83333333 33333 33 3333 ibus 444 3333333333 1333333

33333 33 [33333333 33 3333 [33 3333333333, 3333 33 4444 33[
[33333333333333333 33333 ’33333 4444 3333333333·-
3333333333333333333333333333333ᾱᾶ33333 ·
33333333333333333333 144 33333, 3333333333333· 33333
[333333333333333333333333,333333333333333 ¹
[333333 33333 33333333333333333333 3333333333 44 ’
33333333 ’3333 4444 33 3333333333 3333333333333 4444
33333333 [3333333333333333333333333333 33333333·

ss' (Uis

 

